575376342
1473503088489103371
1059635240774389760
750426116519759872
1000871635862409217
197184193
1238986592951230464
2583350833
1516704705397026817
840160398
938047212235268096
1424324204858540034
1536029311978848257
183650637
1100106506094153730
913222195
88245882
926098176456531968
387334680
1174480930913902592
778743231097937920
1234189309936271360
3293577942
139020599
233778890
1535031948434804736
893005905167560704
1535131288679727104
2442413744
1471200246705254400
945366562118295553
287995396
169935865
1533641068918415360
1214439860355788800
2549806027
452374644
1427675287244976131
493260415
2303998730
1232837334065803264
1487481076159291396
52754894
1381084766
884454474533580800
934621938
1189482136119599104
338541262
828253734010548224
1491095128861470721
2187407545
2966261560
559734355
1041576310005551105
181949240
764567773745995776
1129453540907397121
936652205964320769
1211546167491719168
277436107
1298880251276095488
1532809213000486914
1502237040213118978
1235462078980386816
1337071825466109953
917164404
17628591
280938365
1147079065037238272
1527637648663273472
329738702
572436549
1509107010813538306
1531635420836114433
14659319
1254702802284265472
1334906120780083201
200251973
1371349383036465152
66007045
382179844
2780315102
1470476243825008652
1522958595050065921
1433758918367404046
1145660862063108096
3491173157
592077874
830014045658812417
968192848205172736
1494255415932170245
1309693104337936386
1401831131532517376
45194738
1002361515993858048
1305874332049125376
516309085
752586697
14989146
1529691041825075200
27245095
752966435043942401
72944188
1529084844684230657
732920791516520449
2288200688
2387451451
604461221
281077861
1349872301211332612
1272950715653091329
1424095754499596289
93576415
1481221070401200128
378420508
10241642
102182446
1378404391624003585
1149056096776130560
16590605
701826509313540096
1052211705097404416
1419287646006820864
1313055166690664448
1090908647092350976
170995068
1321999811873140736
564510776
1163573320236916737
1034194391089512448
274199427
303149023
1526519679140888577
756524136642519040
1486700700126097414
1371786906925555719
270592628
547857929
818355990
3394017453
961197082915868672
1201660004928897024
992471766
247863738
1271171318784770049
1485275317
1042912878779686912
3330555287
40614139
260828202
1091731938
1085144611071320064
392860599
128712359
1204814396704403456
1663780632
1447150875538038787
101241431
910331145912487937
1343551708585107457
1454927093205241862
90952727
14574118
41875374
1112450289938980866
23944931
276508048
2332523660
15355973
3151108557
2798667851
797133036462739457
609939510
146244593
113740045
17994248
701729250521448449
174431662
1478786497843109890
100113862
788277015409340416
992832305571028992
529452973
1464233341440430083
142462059
280124513
3172840304
286459423
2290819595
360212996
2830438597
1179871304058593280
971175623539359745
362694256
25707890
49836619
884451682452729856
19359515
1085258452052525056
289849327
1009765141498429445
72542703
1033272613
3248166457
4743494374
847730954
496090016
3079135828
12434302
15036912
1318541984412405760
1525256879022264323
807648096121339908
1167589475675004929
1438733460110151684
1414264160268001286
1524752904199950342
765256567
897481137341308932
3395240963
1192140710876766209
1966806524
1491749720406044675
874936572289921024
1274438354663362564
1521801109693775873
221060406
3580299680
487705992
1594675062
910587159727546368
1521176921454919680
1522895409420681216
726904148
1514175193979174914
1180251085
279339435
1501881245034291211
828365647356628992
1474550409461215236
3675436876
1454808796635729928
1518932289715159042
1443962398663082000
1521244490224345089
1521468041183203330
1521297215532240898
999711751594741760
1326786642804432897
1415717286162444289
36208688
1517432263679619072
1509327780219133953
975130979944845312
1151244084
897071173829373954
1356535837614366725
1519097342330294277
124166197
935577013926146048
1519060136249151493
320671073
1179894171517079552
1511822921056108546
2297463929
1517948825540775936
1492013251441401865
1004840847354089473
1484223129836793857
74808811
1365425652736868355
1482211106076917766
904094940300537856
1427408443296657408
888345728040411136
3052278951
1268375899054968834
195184491
1507481408117391361
1404418042570809345
1685964588
111425923
1325843089211203590
1511112817180618758
1514248417521844227
1508931417513803789
1070268253484867585
2986186006
1509132713009328128
1511468954203557895
1497249839490506792
1495936565264142336
1146561997
985097197606883330
2417147083
1509205473580527622
301890033
1441081350451257344
1495955041513050112
1404405990590668803
704727364564066305
1256019414895357952
2385368274
14093970
1331676176
1215983830978269184
976897076205203456
3698893635
117399265
1471230462655881225
1506067630335090696
1335282985541767171
1477724706962874378
1382294521313177600
1448277981479284743
1651390374
290180535
17844189
96359918
1415570990768136193
983259737314574337
107731756
547131614
2252281927
157495075
13871252
1434163162853556226
1505578765589663750
1322473655138426881
1024247894474481665
14112641
1324712474491367427
1497868826985250819
1194277670525292544
1504788608435335171
1323579697641349123
1143091135218421762
1483061066061987841
756674778
1121799393609428992
1503720247790116869
1167818370311512064
2714088650
1453644354631999490
732273280493731840
3883357954
2766227690
1094718836048388096
1407359764011626497
1412382711914942475
831963000928083969
1433391121309306882
1500703633134039043
18306464
1448821694118965257
19642373
1272173108007403520
1489905968284585985
251985209
2450867203
65910744
1490816909562068997
128357677
1030397924201648128
19939208
4819546558
1495806335950143490
1494781371415334913
814430677
1264909531181649920
252365813
2381150314
232599630
717018757202194432
1383901993
1496139717846474753
1377706686597771265
1495478467701399556
1376872148787212291
1213080046010716162
829713522493968384
1494384758599655426
2830219189
42920512
4745829336
1317602383
1361793329621426178
54734535
1090085655961493504
2474662475
2732825450
1253410634361982987
914893273
973873025614401536
1453357320377876483
1491981951640682497
1404062868216029193
819898555922059264
349886190
868822489677410304
2365303838
1135311032585510913
1064685085616689152
189855077
1156951297
49887472
928940480867348486
24925589
1491058583013888001
1079304265
807696369418960896
160925047
1123501526876446720
1487365786767216640
2838149729
1345432255
1066998121
1296456418703351811
1489344834880028673
1487943921078394881
2835648043
320308247
178930672
1035931356205858817
1425077412979646466
1268787570806317056
1361458897853296642
1398400741
837601134353096704
63129147
1436783782967844866
1375487452174020619
728196755037229058
2327703959
1487114820260405258
1107817781490266112
1370261609453555715
1724837694
1451715374244892677
165106688
808629121832091648
1321400629
1415648424196599819
1482821349961785345
104214725
10053692
1378821813455622145
1311668522074873859
113113844
1447964487676571653
114856996
467209334
860588484
385965801
468895029
3020535546
1117051512
1158759071387963392
3995777014
1239317614784118784
879026459142045697
42045507
15375242
1058011325316636672
19544853
941980230574632961
30242160
1044890043041697793
1009444901703086080
1482019098309574664
1262452942856171523
1468237886164291589
2513787836
1396021603184558080
1477305327364329475
63431156
1472501328136048642
1039323651961769984
1355184833832607746
1481314344919089159
1239667708133810177
548610556
1437379184620457984
360099304
1431009419001745408
1479392460619014145
1299167547502276608
3252366839
2497812405
559312810
1429341744294895620
1588915645
3417936077
15431121
1468291990517587968
1236460726262231040
1269688910298394625
3067157958
948626749935554561
985264991581474816
609908955
2183885221
3408346132
1099767040066371584
2413516003
1706216851
1373146997113425923
1440640606305284101
732775255857467395
1421694816274898948
1466353555439300610
1394781355
51710093
246056330
1431173044404248584
1476113984755572743
280818580
2766062334
102191661
72463605
1476207647376523270
3821879722
1459268998521053184
1364304850369056769
270139569
1459830198732566528
17419356
1160964413144178692
3071610933
1323506246905856000
979218330190888963
2871027040
1416775691648086024
1417698263034056709
1101948007
1452952528094736394
1471842552974299142
2922691415
22598649
1457302718050148354
68241500
71675767
94995338
232368431
2359858705
1059354264773029888
28901912
126650122
714985850
1356514330813038592
1266850159901769728
1044862700940132352
1379158002792550404
1469310989032058881
825901014339325952
755784787046965248
1312925332920434688
346678944
804512863
1221018609625051136
1461728353149460480
31067314
1467453177494577153
1329159455540453379
1467196026511626258
3379753985
807749165300191232
1403328469933699073
720095155102027776
236545622
1457302500634148869
2437120805
2770143649
53647977
2399104388
1032036648073261056
2354705259
1443077921338531841
629803016
2945094669
738200714464264193
767296838160359424
985066760
1463147216466444288
1334697441325690880
1311591717267746821
8876792
954895442
1464138275028111362
1344623505535598598
3423990479
228672214
1002413640291684352
1352216417098223616
1358718367293706240
1462766144796909574
1462613574711316484
411108226
196162001
1665365246
1461206288491286533
913419950533914626
2695374271
1461041117273624578
1459991860810862602
16438020
1454042479683117064
1047698802
538490032
1449336117631750146
1008442225
1102977662170075138
1243501568613384197
1271930717333848065
837026056666288129
1446864682128527360
1453658911115026433
774828869874581504
1413461016537563137
1297960090415378435
346704002
1270970058752143361
1253610636199723008
1184539130
100180651
1327313066640420876
333396421
1260205166143340545
1432216067519102979
1244560853367762944
1174622749
1293310368643780613
800985683242471424
1454380837009514499
1214373955026477057
332457954
1454085680687058944
92588989
1453982652294475777
1052470655373926400
971333553630994432
1451846609252257803
2767777581
1226554913301434368
908836396705517568
1453427537380528132
1541528449
781530506949173249
1270855886047637505
1347377031403728900
1365255832674385923
1321940006341140480
1451432563986231296
1448242002882088960
1391205413216047104
534797694
1307309857448624129
15123812
339947180
1443669666774274055
1073635846530711552
316873616
1434007530938765313
1447988658921947146
1366166322
3310100003
1365892605091983362
2191957628
775040309793320961
1415324835673108483
1342942572201840640
1216414122839093253
2864363649
1448265989360009224
162605310
1420189848896524291
1326410428398899202
1311847823726596097
1331164071811493890
1055660752500072451
1251435239538376704
811877580026458112
1128902263391625216
1447164291434618892
1438223491577352193
1178057663063740416
1446815234950369287
1414990273390731267
708369396088049664
1011150114709278720
1604464614
966750726688034816
1444380678829772806
1446217364400480262
3500154688
1429106462970810376
58598647
2342454774
2949225911
749985241
1719532250
572232769
2382662043
1682944460
1248613108269998081
2510247006
47034090
1268097024634826752
54546800
14317203
1314246305191882752
737413158332030976
4371143783
1389101041061449728
1307982076461932544
1035446629065785344
371029319
1443352824696426497
15974292
166992111
270538635
1338504662014709762
1454559930
2479713168
801174191680684032
1419284954580652034
401639533
1391791122389684225
1438241795201126400
824569772058800128
1128097859411304453
1342537309397409794
1303116557090865153
3153312595
1321443415377301505
1015205255968149504
4365078560
71157801
1154787275105951744
1435559257227751430
1255415366999736321
578179582
63734068
246956783
38427292
493328817
78284438
1439889569768525827
1155914225417687041
153818559
239434761
1435978508304625668
1903571160
1059308602626736129
1422618978757890055
1084384087752626176
751771266340777984
1041830883735613440
3102353532
1174843605560610817
961593099427426304
2415302578
365549871
889916365
36783290
1435174634974900227
866259611795415040
1436083832067928065
1124459596649775109
1436039396906647557
118106797
1435271112263413762
1434198365919711232
1001135617722540032
1420981495791984647
1429504164330098690
2328882567
90236814
1420943212881928193
1380422532742967296
995126152070029312
187217386
778422339553857536
1291009740143648769
1177816890766438400
3568640955
1126902590724280320
1430058057594286119
1365578032786800642
1670401616
1532360486
115677576
1429760031025676292
1016298784773627904
1234549963255943168
342937838
635071208
983001805574590466
64051867
1030429824232431616
1386697704277905414
3061693084
1296919883138179073
711001600567828481
1951512187
86163882
596439588
27728852
416191847
1271081329128615936
1074549202720481280
1235947242772553728
246351506
1249813575310495757
2230530139
2617093868
1390290075490177026
804274964102680576
272811222
982289417393004544
1400879035421532163
1311601538700210176
3157229583
1919329788
801817963
1205786026330873856
1421540288762245121
1392480421909209089
1195940728448389122
293251582
1093738490271944705
1421537465983197190
324491428
1217802310203715584
1266204391993982976
1114082835365859329
262148268
1420434221370429442
1040209383014182912
443619917
74157560
26000689
55270597
2648408096
1230736782393630720
471478191
1419657469781954564
1417115135034990592
209904172
2790827095
211058523
8517882
1046440326334959616
1416090248019386377
335039420
1904384322
945334468432105472
1058686150636945408
1241343376978395137
2863167318
833533273754136576
1279463048307064832
1270025727967203334
1122644137205833730
1225022693189341184
262029585
2910764402
1417932321626357760
1186002548794245121
3086206928
718461511505580032
2786173214
1063018550468792321
1423946731
1068725096
1109372751146635264
1321029680661749761
1240716957181186050
525482136
1417380292541632514
2512283670
1198709368734265344
275719117
427727616
1416748701767327748
539364157
1187584597074333696
1416327715465175043
1364791141267251201
188872703
1414659254745636874
44087701
888404478
2175742413
1343136079352762368
1164971992275025920
200723701
1502671567
18758965
481578822
1260175947686428674
880392361
24774276
2926411453
1115620881277968387
1063036374
1024277582710276097
293674769
1389560172398448644
1014774552621125632
499908745
3899063663
1596179101
982645720611041282
796482886719471616
85817330
1099930787690889217
1199291420714160129
1268942463315718152
1299410390581940226
960961227504734213
1203244641228926981
247957683
968516336002494466
493321525
2778774181
1160825323266514944
1106708675320659968
9811102
2779786376
26238664
1164074574
1104734126496731136
1227657491128946694
969650374239031296
967813481289302016
1301435290171650048
1315457080568942592
74777132
815440590133338112
31337509
206385085
706443746230050816
144624171
828967016103104512
278121495
1855503205
11597982
871624655454445568
1262356301897588736
2153643048
1413273316777938946
946210999
1344397614
1392880969686962177
1405155609897545739
475031908
1229841334975860737
1362207456550670346
737281156538851328
296286778
48941793
118814422
392652907
101027306
751416068
1235942673011204097
35626392
812127939663974407
22401618
152020333
1194954735171719168
57571700
1604482998
27262034
2698503206
875428132064550912
993036326797758464
3643698254
393307261
60910828
3285865806
386532355
48417486
1004448369140551682
21979619
2249045844
85713423
2979537347
1371613337293840387
579299426
1171798753574961157
111563220
1036102674175778817
78442404
1220294149108269059
568827476
778765936182587392
386987077
1149171303632506881
161572643
20399244
1309540377389600769
1110770198489923585
435868764
489234750
1271371963542327296
178723881
51210167
769878950105321472
899797011863662592
2321493173
1498896127
3295991605
1050093076159422464
2737357942
2217600171
1283444158510792704
1293867478808961026
1362001245716774919
97220894
15160540
16366472
97928451
1161312102486667264
795637841497886721
2210578315
1219586679650111489
471020521
3131597734
1218793228633137152
846702321157492736
1411340199540498440
9944072
2259011827
158398564
1394234817395429378
84395486
609513263
449142429
1211813198371774465
3839798052
38206943
16174144
1323533910094041088
926111189653999617
1163773443919241216
897470646384549890
1350362039026413570
1243138210135449600
914443920507011072
1410570382306906112
1384800560
1280629159669227521
1284522223236198407
1348744384918003718
104760454
19458818
1015972627242942465
1644607980
3437994861
1098577634072715264
822253504911675393
1238149190997417984
227654028
1252699747074408449
15882778
892042200405741568
625405124
1408617861157842946
468039128
1070473829661712386
554620692
87986193
4136582003
811610739635027968
2409330426
34514941
1222519447165886465
839955189146726406
1409207827738943489
145983582
1245658681988878336
1408462105859301378
2468742174
976135253789159424
119628815
165998760
365002580
1369272429835587585
260451268
128321932
38276758
1372715682945757194
1944845792
1930616629
7050012
976634432244408320
1287454128067682304
1158081743703990273
1391454101624422400
116417674
1256263103035080705
469057632
703712516
1291617444264468481
223764870
835153783
499054463
2417384863
2335734547
914474526590799872
229298896
1375001217559068672
39975449
1032745451802513408
1288433486718619650
509378307
713476622918270976
1393818743160156160
1361717027031965697
493673362
1273290152023134214
773173568049930240
1167859640308293633
4853783364
3108976056
352588929
782791508508434432
1295740389870231554
707660696264294400
4646156380
1362412057497395206
1204330674880229383
576118632
3750573514
770638594507542528
1379215837
1345535734367858694
1074787821913849856
2815337172
280215264
1402736941984931843
3059843734
236047003
1272907985971482627
76935945
1320630782252195840
331156332
720591223921209344
1064446662406520832
2682697944
1402434385639399424
216656622
1818687452
4896531067
89212604
17514037
844610293175070721
1272871948033372161
68274544
95650094
1400928991419240450
95241126
129241616
1401139202440499201
982980624397955073
3263851731
3103695625
1400879296328077312
757931125314510849
286383547
395294027
965901590719815680
2491685324
1015236732516818946
829018820698312705
77776014
40083092
1174153536562769920
1161721772967751680
1176332050850295808
1156620786146390016
272664865
17330135
1106370258955177984
1343985184081850373
21280737
1387454971482882049
35293745
1117234626
1187843168869453824
121057703
1374395770930012160
2962394715
1318717678517952512
541360250
834416673411170306
268443590
1030540009793839104
1392537756719534082
973371523
984065542419042307
1126537519078813696
84974458
1934099412
2986005152
2480576173
58722206
1302045126349512705
1248920560626622465
1305667693828345857
1262374951916625925
6307402
2948319381
1376149301764702212
2506796702
1225126000222253059
1397432517762842624
108989193
1209525267024109568
56993144
1468163395
730955605
1395986541747400710
1217118984
3309245884
103998535
144432275
2876592251
1312866077647536130
4348056377
737558141022273536
317899378
1380112696444514304
281298965
385591075
17345675
770057
253633132
920326847161704448
292112189
1174358408297943040
1394730624406233088
7588112
307370540
532247558
371875059
1239111632447574016
2227280802
723920937360433153
205418738
1141697552472924163
776161676
108758358
629872918
132393187
1388128438481981442
246959946
63261554
30430276
1009853502108110848
1365340308058353670
1211714813115564032
3054109342
1013396030245617665
54855283
3920955269
2670678517
1346155250307182595
835109916
519195205
258069365
1234746659621392384
36397656
979308671904698368
1180167190806487040
917308080299311104
182567752
742447063607181313
1384591839269904390
1387279272256094208
1105779647193776128
1391056354165628934
1115044791962746886
747517779134255104
1385532039357636611
1156885886652432384
15747611
172030056
1385512978343157761
1230346607100485633
4063149951
2409117428
1247174417534177281
2484329672
1389722628206866433
800465126
1387125534715383810
43091776
1250096852
1227372760575303681
1376759682363179009
1312850357555539972
3951043401
1389142098092249088
131466333
1269119487506251776
219219825
2745527973
1388523798618574849
188687699
358030019
1217435974709411842
231541222
271602699
744994408664301568
747338030621425665
16828044
28714934
1345148260655259649
36203015
575555912
1373280608051458049
49643884
1402189314
105513349
28184579
1386342261655490564
2776600236
3212836701
1192130288819806208
4813212614
3132927554
1238601746575998976
977186782541418496
2334956329
494358308
109072904
2188919666
1375288170158247937
1371110284971155461
1221161623391481858
1384779812083048450
954551557143613440
709379881
1091688538586992640
1322131188404858883
1019146177395060736
1351227324558143505
61749732
130940545
1196738527674937347
2865415743
3604961
1306439529214033920
1049424088027058176
1086271161996996612
1213446826902179840
1287452077044707328
1156071669489758209
1254824556365254658
1343502213013000192
1268971466747502594
22979111
1596701809
1238507761568288769
2298569065
1952751
1022942003527479296
1236552133635387392
4844847993
754645546703413248
77884583
2816998276
2727417927
1380191291443703809
1302682306654674946
1004489611
2341277918
978262864078299137
4305822554
938992261
1381618373251899393
1287678905642557440
1192815635488792576
1381471429640609792
407114555
1284450155111079936
79775122
1162894728502734851
278993296
73640183
583511183
1150731533021564929
485758335
48460280
1375435227162669058
1103247279736193024
839486953603141632
1086516985096093696
582575465
1308951169302056960
887665294570815488
392755065
2444978305
299005242
2348562468
1376038566086729730
63942713
1134843421691187200
1262121459331346432
1379266786881908737
1170447855770685440
1373750858740027393
2475187202
164823484
1378658835070660610
953284465341714432
2887228853
236697939
1352920366117761025
1358919798122569728
33306924
1338581203704832001
962401507210661889
479844554
1231295235902386177
1376427731307626502
907140755529052160
3224282851
803777
1001114495610163200
1377650994159382539
483672678
1088293715834216448
1293950776709087235
1057390260898934785
756902212941545472
3331502719
1313487071521243139
345288810
1353627669745680384
900673230196920320
1686609176
1155510918694019075
194549998
863802878611390464
971109019824738304
864581065
1349144489877671937
987891996563050496
969644755167694849
49412876
1250499522486169600
789981218309890048
1337391275885137927
709883501965737984
1261710344189358080
28878827
439436165
1375958359418011648
1049825443
1305843363560796160
1335438775321722884
1375688134973882369
2716800107
95255862
129385930
2623962661
1258947874932445184
46087758
1147096062336761856
4868843145
1332835030297677824
1953104810
865577763679252480
1330924879672127502
334668122
39094322
41545659
243293656
1342627842048274433
1256141422618644481
1357643847967379462
1372491338965340163
49806445
808051518242979841
23417129
247402238
1350880635062267907
2799126132
1176063154314502150
995746034
303123613
1324823533629841408
1357057171914113025
1136815766513340417
636495435
1232787672235724800
2804284781
1268561074674163721
1144066025761255424
333286858
1132495783939452928
1103350347828002816
2430477308
1480691731
895426092839907329
770012574494625792
1005490854340022272
953449778
931060093205979136
898408770128101376
22433260
2742636202
1370553048410513410
2789783145
356164932
1215768864186884101
974929782
732699723870699520
10457862
1301098620465405953
36519388
69550166
1231889430438383616
6771532
15443608
898474418153902081
245723783
2748339210
1888863344
2943917835
851553601
236794595
561077105
1357359944379617282
602721749
2885626041
4149189873
1366469186319450122
217469186
1071552827334516738
73579138
778825900036993025
969349521871273984
2782597013
1367164943502573571
1367028481582891009
1355636322652856324
1327944237086720000
1367084628645990406
4489570769
858041123583012864
1114076380717883392
343587148
1356233634789924864
103057389
1192539896759631872
2646407611
249665093
2951801935
1287455956935356427
249106363
741947361157644289
1365401635615367168
1329999106543009795
22856885
1350487922525548546
1164196747733872640
1052312777078005762
393698747
23376357
1159009879169875969
1054518010533179392
16192510
865645810314235904
2383986877
910903565610356736
1330841499223863297
4095185417
87606674
301173411
623189856
1185095939100307456
77436536
1361231588437225474
1017492758737637377
1169677990541844480
1149353251856367616
1360713173104476160
1306301314419261451
404940891
160572975
1362891643196764160
229857443
2565751312
251342917
3383671293
1362578959603404802
2872000833
1357888116233654272
924042115
1359862264036270083
1350886758062256128
261012244
105678275
1181564128844013568
931653411631591424
889357747099238401
1298949638482022408
1541574199
1221973541052125187
1270043546188480512
356183778
1208155809030516736
167707537
44257457
888502458
1360268755880857601
1322994291933892608
2784262633
1033288455634055168
1321525133324943360
2975793244
202315539
4571517035
1354450162589052944
1161022693
1276192142722031616
1110740143906922497
1178577544733483008
2620479155
230817148
1356998100271915010
864586231853830144
329656055
1354962570990350345
789245802
1192778903259144193
1318971437080772608
53085369
1346297289183137792
2441735006
1231192678836166656
247633574
888970648751677440
1321508977470046208
2485689126
1330855303773085697
41817969
1354392599541542915
1296570323660427266
1069952585409413120
2756479056
853689410235367429
55316457
103560032
74126069
344732405
792386357154963456
1349377690353197056
273217333
1142748346718855168
1324239450
1944586710
36918513
736358654715236356
138069810
1657857644
1526295433
1288169348440432641
343250170
3244844718
1240222481480388608
1281491941457367041
53343827
4455308832
1012383452962775041
406154774
1017083936
23034189
2562016410
377531959
2803227620
779633817065848832
877532595965308928
106733732
136743666
1160587198443466752
697858723079987201
1254354027661279233
102415225
29601126
1244958285637320707
1080137305648697345
22971117
733159108077981697
411770253
1259599109889167361
958046625376514048
827745638
256876240
1176029305
3565513573
1306615837281968130
1312989945355796480
2375888137
1354464383678615552
1023966800780910592
1225486556644990976
349788190
707940827495059457
942720522491744256
80385209
2969950678
956244262441529344
1015235902183010304
1169143062
1262888645327011840
1353470557594001415
1290396928778350593
1957362354
1118166906756837376
1203327673935654912
1171937540250562560
3121620123
205502733
1338616657904881664
138222192
868822922525147139
3626335217
1278077241264500737
338346412
1173329823923605505
3342373637
1102466288520257537
1695606637
1187075743983030278
1192156802982514688
886786129562750977
246199876
67885366
277693056
570588149
164311383
80541226
1615542306
1262481151953907712
927914792
1342717752742539264
290285114
1351505661801148416
161460697
931589788087586816
3374054848
867122687012896768
2756940462
1960705284
872818089628499968
867864346101260288
564089684
897866837333037058
1273562509
1350367971429019650
836643302
1347546154041532421
49076253
789910028
2962905924
253149788
1280611065441792000
1203016585910345728
1200326277267435520
21906310
1350204030987984898
602106259
777841985122136064
349291678
3950212600
578641879
2561328026
1259870157117239296
1469791772
1172034073
914977813597388800
1313426636923179009
1268614698460684288
489469112
2283268736
1106864803589619712
858851577733447680
1214512242969972736
1615765034
17811794
3307375551
3929637676
979367750446567424
70721433
1314104323
360746350
923977857386328064
357705244
19915011
1283654071
1390604306
848067314104893441
535334166
2971231013
310979233
1331944616157798403
1172012983850950658
86802150
1077014738096144384
722830976
297549226
457885799
14956184
731828663805722624
1920201936
588948710
836446408890802176
1346896759348486147
2792068671
21532536
174266927
1346572878498693122
14346361
1248843625
932990586
946371831715414017
373693053
47710207
390967466
835953569668939776
1175836877225508864
1273260180554186752
1345746250067537922
2231520888
1273197274945007616
911630539
89467037
750067157413793792
27412566
20310000
1141278530153734144
18114380
833514505854341121
908743092722962440
2425558261
2419908811
411803036
1118043579614625792
1279223755982635011
1162893092
4747578438
887213008967000065
708350918861914113
1341453176457883648
2326525092
140773102
1340956869804830723
1014945397570228224
1273285794833281024
1787434207
1546977270
1335930666131861505
1322669967527964672
1017707035100528640
1326822184682049537
373446205
844803989090721792
1155515960348073986
1246480670928633862
258344650
963220649811611648
31189021
1469938638
144935227
707814336501293057
1331155144126443520
256225479
89870666
20239433
49442134
2923100842
1517372827
956555314807164928
2618661288
1309258780828291072
2897180373
1337302867108126721
1305696664401752064
1173242726
185060647
1337798504761188360
277294812
700720970
14559839
755798078
880712022547103744
2180047799
968871752376946689
263717051
21703480
1129481183333634048
3823770357
3816596735
831931301057986560
1336273867090915330
1306974378857558022
1224107329030950913
55037219
2855287383
1261617626
1291779547076100103
178179388
128117697
1318490414136107008
1141870669
1178961178233573377
531122860
1268537170081521664
14129137
2422107782
982778943949303808
1449426102
251924369
126148237
3287849094
1247764662
1300276599867097093
567939668
2595937920
1333121035785396224
837689977
1311541084196155393
35398491
86523055
1270167192303091714
1328036947244298242
1118988926
1176047954857062401
1234752520745963520
978614885549473792
1137352477706268672
3959085913
1140966460686295040
701816568
999196714287312897
1186992073205047296
81143606
2916122491
1268204658033557506
107724532
935104507792457729
314516664
1047665700070981632
1243539854740328450
369689042
1128972235404980224
1267558536344731654
3505171469
1633170546
326521133
2847233865
1322519497631240192
323080420
1145694801897148416
1332677494038798338
22280372
2547647020
1167877475784781824
25718845
41999373
855769709467140097
3245278331
575195719
532074653
1292966965288546304
308795478
1230006591530782721
1167747777302077440
1860643868
1287138131192328192
21672982
1510919082
852418125131689984
999194278361489408
21488267
187316309
1645159483
2625312391
2872545452
1388953238
494379658
4168933913
1318051537399197696
712934762705461249
1303341054515654657
272065025
20550261
717655573500674048
199784228
1321155940423401472
9283462
1238577305489989632
384629412
69531999
1310667926542802944
1161824396094296064
76377133
1177551300
1277127685618237440
924606381369495552
2369899873
871141624172040193
2399048454
1185020736
1308843606522945536
1258456204659097600
1311715836860739586
20131927
14065835
874328956442484736
1324439529533722628
256372147
896412663558934529
1324510847973183494
1311376419302387717
2253824021
874132941705801732
1224614135939379210
343668867
635229926
1019917112503099392
1238868275334983681
4571541142
1204420586073722884
68987747
1082274025043304450
153386919
1282494645247922177
3261620311
147011669
1313798375234568192
1061622836
3323445243
774848783498829824
81312314
1200335700610011141
17386191
29692085
1317108598258925570
818102266263728128
2813008719
4362260594
2358237306
2504639349
223408462
1416247386
1320452732969537536
939685705
1245028027232329730
854427070067335170
64916198
35817379
45658821
1310650959110918144
168140435
136642171
1316324673236295680
812337545610727424
735998316614279168
180206252
1316342416736219137
126088564
267454003
720385641423351809
1319299065008406529
164859351
1004142841008754688
1310647089597018112
58167482
248792951
1227499672391974912
1261955679981535233
843525002389590017
270155458
17088394
42676172
1282683399262613506
1154319445021483010
290099992
707549133285040128
847127276
348524246
560520600
1131118132054188032
1299383848254541824
586688628
902869489213169664
35503903
3223122854
1310216664097722371
1315618976823685120
3131118436
1297150149307912192
1714495927
1304063140716589056
1083404443092217857
749170870740922369
3303634571
1243933856018939907
326122681
129782094
279856261
1229067155070570498
1220759233404309504
174283430
42180783
2163453558
1101487133964075008
1081241771001167874
2597893735
1313611048474345477
21385600
3920839152
104565157
817251002
179928297
150651329
448842961
12277612
914816407413694464
3350503613
114786535
758347631202557953
912147326864461827
361349586
174677479
2869143802
3867259120
123723800
125967681
938090728588156928
2444760842
1544974658
3188633211
28352155
1274634787140100096
1262378981761921026
1223547896731181057
1236376862215020551
766486636020588544
1207754645868883968
1041720491894075397
2261831748
895421251791069185
2177240989
914990108188790784
1101926560616103937
549240337
135073914
4902912347
88696280
2563925965
3992744112
1134523910211407872
2717341590
37202272
1154812430
1172623980567678977
130261293
122724789
3308159633
1221411881128275968
2517095178
1251938285930373122
930594199317172224
782795711989420033
103847158
3277687404
38341407
407636427
36029692
249229825
1309280939382538241
923920167704453121
216648023
1304961126195769344
945820508066590720
1124632221946609664
1293033723886219269
87779569
2972244027
156804540
4420446134
410771918
2423561148
1282306254
3972095026
1283123732668719104
1053317370700333056
1174311502725242880
2732690292
337031168
90361778
59748451
579371063
207298660
66871854
227067264
817775986729242624
905470700038668288
2878552400
839540468
1200058168866492416
579071389
1180186460537925635
1139131275393081344
560182082
426533185
58265183
300858844
165905874
793203499119050756
2338733946
1250302851651256321
636823703
42483309
1585054705
1303044554430451712
222628269
777967280147816448
1392543116
317189978
876544667445338112
1544088992
708944983160692736
20971817
1245601109596487681
1481861148
220681379
231920508
983011240762060800
14991988
1237688118679134208
1227367175440216064
2835615098
531768598
846368911
246888795
38279076
108110150
22008834
959835842515800065
215090695
3621334696
2230799314
497732238
943430771993346048
1066048266
1206473059
1224771998766764033
1194732523701592065
869401032136179713
27807561
1266086107441254406
879061463985475584
510816105
237322105
1273004709889130496
11514952
999989915927613440
2872967551
50970626
591371957
877778465352798208
1003921780157898752
1198943930076876808
1541672676
1305970402628456449
1258505232553738242
18176147
1069252419392102400
873662090195734529
879251838305959936
1264811327656267779
1225897992185663488
1070743274728517632
709889172673269760
1032997493137723392
41274945
449682166
164301991
1244018558348247040
1102680264554303489
787349305585721344
957886668765216769
302287519
51940609
1256920714743025666
354374319
93507355
1740835398
1277980167529312257
19808555
265303862
1221736705
15405214
934469225623818240
1120784989509971970
84126542
1066875908718514178
2461394274
1242779727993147397
14796298
15973341
325137152
1163182239284379648
1044684070318419969
346984388
951093932389257218
949703828064129024
718622133
1929084218
300162773
262090458
1186268144068898819
716789855058051072
2810023685
1298791109750071296
132878935
1266835550037848071
4659065416
20865806
997914914147721216
11289702
1285678693357166592
1115288568669310978
2409592178
794049216
520331668
56956833
81485025
16696406
1897328317
922513764095811585
1240314269847236609
47167422
151692235
1242032174305550340
4846973729
899639876806746113
1686548341
1299681740869558272
325361933
302215901
99845577
182933455
845839117338456068
2301856730
897354338741305344
3744362836
1212617980086898688
233830461
726913433833234432
851058162
1302299383975817217
937821659788058625
360281405
151934168
1091091610547482624
805802214556127232
1066086614
2217406250
1303599705977491459
2490887849
2893445801
1080301478827442176
1117675617376358400
2444159130
2553180960
1121284292020097027
870401095998226432
94596289
547871798
1279723716629454848
1265605494061838336
921747627053584387
1001933860580610048
1301252442152226817
1160222588364361729
12228802
3907572314
272793222
1166182988071211009
826808603566813185
46880878
15534729
11535642
712469929094729728
1355417364
3503244749
4117081599
608526210
829734980351844353
841634131205316609
1040342960397844481
1257771283305115648
4299373815
913122805
1273446121
24290250
3671492717
1278629409247899648
187521608
14235803
860530328
382624355
187224517
1294934902631096321
2343040136
2157974541
1278294522729058307
1293231223297519616
934088877207314432
779233559257182208
1189096395376074753
2276398202
4637539172
95414066
309673616
1247971090321850368
839626889186668545
131481660
534791948
1289335524398956544
854274580504031233
1210106787333996544
1058396405423894528
1283681182895476736
2377475444
1255546025772711936
1247927213724442625
1418326327
1191833719981645825
446908951
2548634390
1283847566073819136
193755093
2931773815
146440236
1245834899220807680
2835522390
2955127694
182743223
1089884667787071490
72660452
1227321768060301313
495955931
1104643169113853953
1158542532973879296
1276558588895531009
454916195
3041747931
846422863
1516235784
972343165574361088
4205138421
1158760089316032512
62044012
228707447
1282778250847178753
4418399352
4263696796
39440315
1185609272354312193
1277821096448778240
46215663
246959051
216448295
134687994
1276376507208925185
1220563159162834944
4179767308
114339456
1197830807076921345
3910485912
450247580
1104672353525608448
3486259881
1125396397275136000
82210553
1229034737437749248
3666646157
703993442129604608
19366082
626153374
25774119
1176641744538079239
895773623570636800
59674678
192258821
166207149
1909240478
52485660
254306524
1276083512643289088
2542515740
789002976
16212914
15755206
1260728998226800640
2571660243
1180571415197765633
976886735668903936
708324875031715840
17731664
405508508
2669156418
386559072
1274053697455009792
1196051686206427141
788787252205854720
544103123
1270513753
1256034839872057346
17295025
109479516
1224552675645194240
1072824895753482240
270218342
1003681519335104513
1230877950020550658
994224639445471232
1251404311315329030
1151439964506218497
1108500575900045312
1042569667
86974614
823593481507631104
2855545164
1181641887033245699
1104303863383949312
985646914627620865
521154902
1261609700208054272
159149391
814211004867506181
150320058
953456113101524993
250978793
483454569
1025292116
1221181259583574016
1240863976839204866
1234759036807065600
1233436156051718144
788777849071239169
64595550
1164742381100384257
37671055
15788807
793367335859990528
1219324513
3423034452
520377989
1262086228662521856
446204218
3023848926
2508360174
18296223
2382191208
305960097
1223302928599068672
711317059787988992
356645746
867061253562286080
1112892865577934851
29217394
1063530092037578754
2918322312
14282328
423518066
432862262
544364483
1231264275928428545
1222467081792299008
19948294
1231913841556164609
1438934449
387015847
18366673
720939373
879070005844992001
1173328792305229824
793234731747844096
1266511254895673350
274888804
1200144355547394051
907336375917314053
84974886
2892489526
65703
310714574
1154777694988636160
262830102
1136889072905908225
221119770
1216579359919624192
1249520929694089222
785328348734128128
944471244
249623337
138651322
49617620
57167141
390531221
908715111048556544
2324269206
920652309398458370
1591794578
243334370
2646192266
1201147715867906049
925912764094218242
3132116496
1060253313734729728
409041569
251367234
320517498
498889380
64661258
60458714
61739052
754977178807373824
240908616
3244477656
1063066802211696640
3216392878
1011880954279981056
898337835752726528
31413346
3091000564
1247891635553198080
2164983825
802796212365586433
99153068
1175882076610060288
1630386492
988497629419069441
21691833
59705051
1257425424734457858
401965372
57785914
1251794843526971393
3729520335
1219636083903868929
1255403444241862656
920314965419966465
1251285246026358784
1245688677352837120
82128102
291744153
1162442766028353536
1252569953351487488
1230811197961842692
1880867526
786589074022739968
924022678746533888
1343135941
786725499024343041
15176649
460647837
1380834884
1065250581592166402
541466101
179500507
396255404
172974075
184182720
1049461608840343552
17559270
988606892933959681
754031378950451200
18015823
783038594923495425
1198222463328493568
387938697
736327304024969216
526306224
1019341257162752000
2362626049
1191307473111703552
1085513078421123074
566542654
935946186
1237806836222394373
1188128781401313282
89520381
3299742459
18405715
217386847
724268290978107393
446358508
1140266580187734016
549106573
1244264002663964672
2675080464
1244027735430725637
802591228898451456
1242800445262901248
2718583522
1242912136717836288
109383924
83840361
3436973909
147705208
1077901459398840320
755177858
135669775
105871109
213082131
1107208637989044230
2954190500
1201565751204823041
55859461
72946617
1136337988382838786
16191522
1159182391455490049
162684694
1241071063045255168
887446044
841906714639245314
3033930158
37658556
893160510677495808
841781617282674689
247821961
1220470255140646912
936330298928836608
118922593
362535608
911949088303800321
598228596
1573351375
903290049663401985
1208955205032632328
955351632
1487472487
859755539101831169
2768883504
799200604040163328
740849136874950656
3051400344
1239239196868567040
119506508
105144171
3445125555
1186202201078878208
2861493126
153691304
3358829590
1228794039815876608
853173343784251392
1097855896212946945
1041406180730388480
398056003
581926406
828931064
859819929884864512
998785858177150982
1172128586
882622415192420352
2519410236
1027902734316593152
987565609595625472
724006529238732800
991270447395295233
56498072
230465363
85569220
371701437
250791651
1157664699565170688
347886653
1139886942420647936
131903749
1890037568
357696457
1191364729845035010
1182815304365289473
25702344
14333578
30149171
1042438863824707584
42860079
1233234306950139905
1227753529248485378
1559631572
1102146498
910968376830414849
1151534715226267654
1192898921015758860
1231689255166103552
1203619857297747969
29885998
1215767354
109533154
1229407136641409024
804336950589190145
617136267
119434325
871719324867854336
895308329639194625
1227967293478645760
1156719981511548928
16042559
159397179
37645542
2914605289
192159819
904726658996998150
558000047
22630973
1100405498115809281
1377379782
1861280094
1222828486089494528
2927290219
758128516214976512
16399255
1070783243794964480
14747771
2479594586
801042537238695936
1146729698849955841
4495532953
1322797574
24016742
2571433063
1637696580
2548304936
1214957186121687041
1917576775
1123627252296630273
1037038943169069056
935750757751640066
1218987476112543744
60904541
269757961
84383029
2697248899
1220528681275150338
245305900
1047457962774679552
1204064299225944064
405476939
1087786213245964289
2519605567
986838731129851904
40004127
335319533
1151337842976575489
78696849
342115509
1220375789499142147
1177229157362614272
1178675153196204032
56265725
3456615865
76982240
2263901683
51137837
788718685947039745
1008640329891934208
176758726
15658907
856802255562985472
1917923376
1209910664598212608
128853617
1068834048020230146
29144009
3888603134
1134565742052028418
1178473242107039745
34653414
53349895
196255844
333560740
899791099102810112
238588085
157276786
3252941298
355331051
1637089296
223285978
1215675565270880257
162297845
365964385
729648417056624641
1149370508829319168
2843741836
19996935
777408942079180800
749697336897667073
917367775160684549
3141267519
1462697156
540151584
245384812
955443955885363200
1217607688621678592
1047554408542814208
731994525615329280
956546598452060160
118401607
1003091106
25019900
56366462
1217011000442085376
1098617353288540160
176077756
14543336
1216150760079200257
802163730217832448
1184838562677710848
1205260785372545024
256652655
268701142
1214866147641823232
2239961804
2875765295
1129139625740578816
1344389084
1095633012656615424
880902458
30309744
3152223704
856646196378710017
1125647276
40479887
965748414448357376
1857503864
1211303162650324992
835856575688396803
257553582
2771424650
1875700062
819207690207588352
1071095946
211180521
90775796
1209896485854294017
1058483976
890710574
475720631
1206578738852507648
311098815
1208986167296684033
839244580667162628
965196960
2211673627
118229888
1178194218898116609
2562283568
223397280
147025142
3235512952
123572484
72806677
264232910
54079735
53172397
29825518
718799232
2209253130
1202546534145036288
763458143590449152
1193721950712954882
1201788327051046912
2672276654
1133327559666622464
480316630
2154557501
1614137036
19318816
246178061
1005569234406133760
390586695
880369521843986432
809464518
1349070115
403486467
2157146090
1467737210
1198906700364996609
97871654
1189314438639374336
1083383932819771392
959199470582927361
248836942
271370637
766285029500678144
875679268126306305
893602268
16183357
300303342
703953657130303488
732862729418113028
2798155312
804093373
1447982828
78719897
18640148
3011222470
399331417
578430883
2734192141
1128703774376300544
26535879
2738620066
4690619832
832306283835486208
802707937
841924100721369093
65733434
2814961270
14489299
83392573
912290753589551104
985771476
740343523
4690350990
1194536762053447680
1179646258769584128
1193285125473259520
3178736924
2772803106
918944397546409985
778302258203226112
966238391162433536
53989161
1070010671918665728
582090990
1042140010227617793
579371308
124834891
80584946
1036934546
777135516
840348583136174082
1192024579524452352
405345186
106570084
1191807981895274496
973636307774828551
1051994858
728280447470415872
111402243
712016577567264769
275145154
1151920785063317504
534708887
1522281432
327836613
718022858748923904
749822228
1139160970721406976
879443645073682432
119344508
16599993
59200434
418015548
2189981206
193041825
75326115
150290639
1154732221976084480
370029415
3220257253
1112412683398078464
79807551
382686684
852136437323583488
621489211
2560565105
73827129
2488227390
912006044045295617
1185150056724234245
779367407114739712
2337002455
1054598405333377024
84653597
43831302
2418453803
1019186841529016322
792012547301994497
512429239
1047251910280065026
126797014
27491678
818445859528515584
496159298
18746027
1181309299592777731
1602319795
1160392860832817154
1181472815540822016
21082771
2563924602
12160482
316533898
221354550
1179713956623114240
1178736299357941763
900304309560238080
40457334
101978854
1030187903299670016
380420289
1091434847640391682
390114419
518874045
224814031
43113566
98145567
20449367
2946273161
912252936
1114248343801167872
612628348
1357648356
57171233
906180984588161024
163277744
16961918
170405335
1047749410686455808
25501506
782945860359426048
81131185
747591747950215169
29186208
1010935132990078976
272029171
23355247
1273839661
436682744
928925064216694784
28795344
2314631347
2751294448
3039987216
737748119966879744
350765850
3408568514
491530211
568696967
9721812
3233919035
58822716
73181250
849452683031400448
861910914039197697
969703536987697152
2416986434
931659475273912320
883625223773274113
1026138424300855297
80333648
1701560917
16621479
1019190309492649984
266855827
3313741684
309742322
120095188
830241976633159680
1105794920546295808
1044034158
3625498215
852451568964300801
2554794097
800976810246832128
258173693
95763032
1143983682006523904
2294685608
2232759379
397475407
466148538
285394452
101209471
20023987
57458035
1170180785959133185
1318712438
627992123
3403467406
916969603330461697
29351564
74494726
577195836
433663104
1056263229561888768
1720066448
1143885460625928194
70512125
1322412710
285986580
1050755729114697728
2361856232
3125635571
218704657
153487645
3045030351
901121940299108353
785848339476705284
17354555
73593619
841331349248184321
2601193838
532718832
882884848909770752
78836392
20769277
317221461
628967454
216098950
1167145117452570626
2810956798
381587766
880761642438602752
336139194
29094139
243559427
4574527274
1296212790
113531774
1129114443026034688
26413884
1171791521428885504
269135134
810036293556170753
905832768009011203
222454537
98047768
931458348
1170303057214791680
1002161713255415808
873951288987398144
887102413756346370
1169811585092792321
13879522
1169270491338723328
86746678
1121621677786288133
18026546
885964220
876917961730269185
790241310024228864
78977004
31504669
1086994125348634624
621170614
4851173447
1039142042457333761
121129643
14147716
1342294626
986017875407327232
850892377627742209
128669820
1033815615017037825
300999175
3213833547
2507260668
84340820
793183274457821184
1156727207735242757
3413263721
778694570661949441
1158759146524688386
81737577
1162446632077709312
2332368062
221980399
848913193867124742
3417939718
183621776
1002014118
601326060
1154392441346240513
83485959
2889619139
110347384
468966877
1089350498
1972549848
167835170
2251963039
947834276959215618
246812536
1096454685857366017
1154733141128613888
102473169
454999171
1151813341922430977
105802449
1949966430
890222586134761472
1151400307999629312
14775116
3065041744
441778701
2964535587
89893356
88499773
978295966330736640
2288715758
1073292871
322544579
1905068233
1147170718494445569
3433371976
166527685
1119497009004797952
15982616
187160532
303955868
3942208575
2228815292
2924669003
298086190
102641746
1112516210636279808
3542407155
439153553
326199794
1142805575375314944
1077734311799984128
1024528218173399040
257103683
274656629
1102885938391379970
943488727267016704
1064203950717583360
1060840377546985474
94503718
3704365514
978154304048631808
306211107
2417892751
980251691193851904
720357914377076736
948959573205045248
551113308
227270794
699395297118523392
3386954115
4097415613
767147489967439872
3837804028
1050690487714111488
6039832
2888926885
778659791753220098
68770707
49805880
1004281662723665921
24150239
583424992
21700179
736516277406048257
284109375
1134960976695091212
169895834
1106889538436255744
14828504
1569650100
41993418
624806128
384961884
992070270977441793
35031140
321934519
1113431987065425922
14112036
2778483506
375068871
332449828
246453434
113726543
1078401544817659906
912454566
41152850
838716338986188800
718078489627328512
864796450709962753
136387907
405617056
998511141964873728
1133818056956887044
1210441254
2480213432
398875154
3250071326
1131904705851002880
47760903
939484608
22252648
2460428592
59475843
3303751569
582233920
51145303
3505789575
4099956119
145754389
4740322372
827658288040861696
79778135
2521985775
226713274
1084536985
430115827
172577606
21930409
1125480664621563915
335597126
791828953359056901
217015882
1668630349
3081392349
1126224551363469315
822179585399881728
1001023481176252416
938560263334387712
859450349731577856
1557533940
958303374776074240
617118982
1012764005155258368
1009112250542641153
710102699522527232
474864464
213517754
1128925451374587904
1642585022
175782460
700746896680161280
1091012993285005312
830834546
1599902202
705300624
789934254176235520
109874629
1048281553401516032
1090199577611960322
53906561
859691868916916225
3371012293
434091746
52602820
3699963915
1024830987811807232
3912267406
779319067807191040
1128682552837976064
1128659111355269120
989387932283817984
835323448675164162
96989025
181232548
832218151291125761
1120789424118407168
722779331605364737
89509276
1118147223509000192
993926984274186240
1919987095
4794787035
937682550486654976
61402279
53393389
202124719
1512280484
1266763711
1017873282
903272047316525058
103973912
21773404
741052621
80928091
996776255755358208
761749405758283776
1708117382
713099260405923840
123834795
103370610
759975631421517824
1118345314581147649
888121081374035969
1041434096642088960
3144910239
384811761
957898451609669633
36396172
604686251
1087709240
68192377
169621824
1216521482
1704085728
2724874904
807564604054368256
74956332
1113388392035889152
196084287
41155612
2957776510
1019605193523113985
140753054
14850873
803944483742248960
1080431555565285376
890786060082438144
962911429052518400
1093681836327198720
825080397243510785
873335828554100736
920174594
258399907
2932027868
17647739
57153213
85222315
1104090973112549377
1111238619002531840
186484265
114547472
23932300
95669505
316651357
2810324810
3449556923
4887906456
176065159
2175612816
303871975
45390749
813705917434884096
159565864
2491000284
1006295526722203652
793717106256773120
3254426133
377491711
2648987845
55167100
187655958
54968085
3976341281
365059891
931179613178515459
753922707939532804
17371618
53763883
914787406250987520
703857149202444288
1092867511
1028855810
452691995
932529545667686402
278465124
801932087850835968
2830130520
357589105
82966143
177705432
909065608591020033
405896265
203574192
1057191776119795712
814274646
268018180
630892390
998513746837409792
76078018
830095167835217922
8922252
50993731
924534846654840832
1059449647293444096
3247508183
2427351685
989097257986293760
2811984156
539364680
92626603
372689892
3352671022
324960202
277532657
1929876336
36653441
3249536780
1042265500108156929
1493423918
1045763448670486529
977007136809955329
975312213773701120
286689006
437797632
777027480901263360
1102553441744900096
52455565
106038181
17581976
714722999807639552
154138518
2569412756
922145771310415874
2895240598
11914552
428910745
3088304319
107468161
1362984396
1404624577
2973336639
300277531
32924635
1000030443453014016
155174180
15016481
194399316
781690832017559552
770942569014591489
92966853
293552287
1067831337653022722
96154851
17676425
234054031
1048334135750737921
309507135
15392115
215360052
969649118808367104
968062540575068160
238978175
1169681750
1072506394233004033
337245024
834514130035957775
255298853
1049255245031854080
2659003274
747505823203524609
2335431
338901496
570998586
862848132534620160
90410110
91201943
69956493
105780785
907683663428636674
244090064
38753076
430219506
496442878
108700310
26143496
2935395411
1524907406
215212697
894144053721403397
41572443
984782025344409600
3131617822
1073136404077645824
481682459
91975097
20760700
1062260017288658944
7876232
16391123
834803354073182208
165436089
75762250
16639872
4354737269
1871422416
4595851413
217748983
21774074
17403137
322347431
742974871966220288
3709005017
1388112362
803639366216126464
1019535224537939968
416996104
15464243
63066940
800973693232893952
3350045627
191766828
300589072
423847851
81096208
82429992
19714395
36119322
17990602
218466613
2253056460
15766824
493077798
1423906682
377431987
2518455451
166033663
1393926458
16687314
1025625999998951424
742475738977308674
151073909
766364433270669312
1016648067062353920
11046282
265764242
2375509748
193755075
2424151074
468499498
2873530383
1096083790060027904
779423703599906816
14278719
838593540
3146941
36737360
77712285
1057741124104847363
833373624
873308336120352768
878970931
30674200
971075024693084162
38169381
60273863
45525063
154914330
27680215
2202491618
765962778800746497
2507515448
432812106
2540514931
3011101451
68541706
1042967001185050624
35467792
158678965
2242851314
12855572
935207912955432960
3182979539
1532002951
20436383
250310854
2436815372
14103934
1440886406
125939065
1008417952742428672
1001944438250369026
1573697660
43299863
797394847577608192
2826359918
94798271
146287709
1560513588
579407040
248724562
609319929
3252350630
15045590
394074504
20660258
50997367
1090061511899246593
377049708
947601542298963968
64313421
522524224
455188223
3239693605
27700085
617171206
74949430
1199200680
450742208
56805505
2998987607
2990913377
169618347
928433783455604737
1411308931
965340488692838401
515077943
64454743
1091437305389350912
739533
1270214492
915537972103143424
318262821
973642770521915394
11603662
209140882
24669093
2300175970
705339936514428928
1355380261
248757324
910168235261218816
2749655899
208683814
582161546
15155803
69461755
490512649
293983295
144087818
1057636041677463553
1954278132
423024537
40383352
45545645
2584784815
834030478042738689
572479189
937358015904337920
58967234
4053731357
42547844
1054502754494939137
890863214690480129
373682248
1484912978
98410476
848539500167004160
166008261
1978330974
129448583
1296859046
1834931742
397909798
299603744
973108817234886656
920270921914568705
2431801963
1962699368
2489960958
2284174986
105768989
883306530468241410
1057966638748876800
415906140
82566863
47580492
814015332
2997782010
1921162182
423488756
1307569508
54531975
255051048
1060400438
869067365157306369
824241575706427392
409405237
1046598080
18247347
213083607
426509606
243161145
255048621
97103240
1069045039
398927965
589414240
30706856
233514057
192429859
382134761
18406335
1316984629
131264897
901142962758758400
27047369
1428700644
367150813
304928205
995412536
15255349
382393
77990334
